[gd_resource type="SkeletonProfile" format=3 uid="uid://bhc3vjhokfbo1"]

[resource]
group_size = 1
bone_size = 82
groups/0/group_name = &""
bones/0/bone_name = &"root"
bones/0/bone_parent = &""
bones/0/tail_direction = 0
bones/0/reference_pose = Transform3D(1, 0, 0, 0, 1, 0, 0, 0, 1, 0, 0, 0)
bones/0/handle_offset = Vector2(0.50000006, 0.95)
bones/0/group = &""
bones/0/require = false
bones/1/bone_name = &"pelvis"
bones/1/bone_parent = &"root"
bones/1/tail_direction = 0
bones/1/reference_pose = Transform3D(0, -1, 0, 0.9999933, 0, -0.0036540034, 0.0036540034, 0, 0.9999933, -6.24212e-08, 1.0026443, -0.010561583)
bones/1/handle_offset = Vector2(0.5, 0.433882)
bones/1/group = &""
bones/1/require = false
bones/2/bone_name = &"spine_01"
bones/2/bone_parent = &"pelvis"
bones/2/tail_direction = 0
bones/2/reference_pose = Transform3D(0.99221534, 9.629637e-35, -0.12453425, -9.62965e-35, 1, 6.0185307e-36, 0.12453425, 6.0205335e-36, 0.99221534, 0.1006655, -9.989562e-09, 0.008541282)
bones/2/handle_offset = Vector2(0.5, 0.38208017)
bones/2/group = &""
bones/2/require = false
bones/3/bone_name = &"spine_02"
bones/3/bone_parent = &"spine_01"
bones/3/tail_direction = 0
bones/3/reference_pose = Transform3D(0.9700268, -1.222918e-33, 0.24299811, 1.348151e-33, 1, -3.490748e-34, -0.24299811, 6.6621005e-34, 0.9700268, 0.1314156, -2.6485056e-08, -0.030602124)
bones/3/handle_offset = Vector2(0.50000006, 0.3129721)
bones/3/group = &""
bones/3/require = false
bones/4/bone_name = &"spine_03"
bones/4/bone_parent = &"spine_02"
bones/4/tail_direction = 0
bones/4/reference_pose = Transform3D(0.99882364, -1.5390572e-34, 0.048491072, 1.4444476e-34, 1, 1.9861153e-34, -0.048491072, -1.913736e-34, 0.99882364, 0.13407318, -1.99323e-08, -0.00420478)
bones/4/handle_offset = Vector2(0.50000006, 0.24468094)
bones/4/group = &""
bones/4/require = false
bones/5/bone_name = &"clavicle_l"
bones/5/bone_parent = &"spine_03"
bones/5/tail_direction = 0
bones/5/reference_pose = Transform3D(-0.13472223, 0.9845694, -0.11168302, -0.97585124, -0.15139103, -0.15746479, -0.17194283, 0.087772, 0.98118895, 0.0986002, -0.037819844, 0.023941776)
bones/5/handle_offset = Vector2(0.51946807, 0.19258916)
bones/5/group = &""
bones/5/require = false
bones/6/bone_name = &"upperarm_l"
bones/6/bone_parent = &"clavicle_l"
bones/6/tail_direction = 0
bones/6/reference_pose = Transform3D(0.85428494, 0.3623553, -0.3726873, -0.4257831, 0.8990756, -0.101842135, 0.298171, 0.24568617, 0.92235154, 0.111317106, 0.0014960249, -0.022406599)
bones/6/handle_offset = Vector2(0.57368594, 0.20166054)
bones/6/group = &""
bones/6/require = false
bones/7/bone_name = &"lowerarm_l"
bones/7/bone_parent = &"upperarm_l"
bones/7/tail_direction = 0
bones/7/reference_pose = Transform3D(0.9717968, -0.123559564, -0.20085806, 0.14935681, 0.9816246, 0.11876733, 0.18249238, -0.14541723, 0.9723941, 0.23817724, -0.017835941, -0.012845057)
bones/7/handle_offset = Vector2(0.67044324, 0.27587616)
bones/7/group = &""
bones/7/require = false
bones/8/bone_name = &"hand_l"
bones/8/bone_parent = &"lowerarm_l"
bones/8/tail_direction = 0
bones/8/reference_pose = Transform3D(0.9990225, 0.01728573, 0.040685777, -0.043616243, 0.23566097, 0.97085613, 0.0071939044, -0.97168165, 0.23618454, 0.22389576, -0.0074639926, 0.0052741296)
bones/8/handle_offset = Vector2(0.76340157, 0.32480425)
bones/8/group = &""
bones/8/require = false
bones/9/bone_name = &"index_01_l"
bones/9/bone_parent = &"hand_l"
bones/9/tail_direction = 0
bones/9/reference_pose = Transform3D(0.92872787, 0.0028725825, 0.37075105, -0.12499754, 0.9438533, 0.30580464, -0.34905615, -0.33035228, 0.8769419, 0.09309798, -0.016409658, -0.011789605)
bones/9/handle_offset = Vector2(0.79593706, 0.3511423)
bones/9/group = &""
bones/9/require = false
bones/10/bone_name = &"index_02_l"
bones/10/bone_parent = &"index_01_l"
bones/10/tail_direction = 0
bones/10/reference_pose = Transform3D(0.89821917, 0.007914071, 0.43947667, 0.008713287, 0.99932086, -0.035804264, -0.43946153, 0.03598936, 0.89754015, 0.036327932, -0.0008530082, 0.0019371952)
bones/10/handle_offset = Vector2(0.8069891, 0.36382818)
bones/10/group = &""
bones/10/require = false
bones/11/bone_name = &"index_03_l"
bones/11/bone_parent = &"index_02_l"
bones/11/tail_direction = 0
bones/11/reference_pose = Transform3D(0.98614675, 0.013887996, -0.16529268, -0.017404748, 0.99965155, -0.019846484, 0.16495946, 0.022448424, 0.9860448, 0.02580345, 0.00025485756, 0.00094145915)
bones/11/handle_offset = Vector2(0.8096005, 0.37600124)
bones/11/group = &""
bones/11/require = false
bones/12/bone_name = &"middle_01_l"
bones/12/bone_parent = &"hand_l"
bones/12/tail_direction = 0
bones/12/reference_pose = Transform3D(0.9154793, -0.27479455, 0.29391432, 0.10441872, 0.8676944, 0.4860074, -0.38857996, -0.41423953, 0.8230499, 0.08902923, -0.0018804609, -0.017843226)
bones/12/handle_offset = Vector2(0.7963091, 0.35307908)
bones/12/group = &""
bones/12/require = false
bones/13/bone_name = &"middle_02_l"
bones/13/bone_parent = &"middle_01_l"
bones/13/tail_direction = 0
bones/13/reference_pose = Transform3D(0.7680706, 0.027273549, 0.6397841, -0.02378392, 0.99961823, -0.014060065, -0.63992333, -0.0044174525, 0.76842606, 0.028177777, 0.0018575746, -0.001661807)
bones/13/handle_offset = Vector2(0.80479264, 0.36472705)
bones/13/group = &""
bones/13/require = false
bones/14/bone_name = &"middle_03_l"
bones/14/bone_parent = &"middle_02_l"
bones/14/tail_direction = 0
bones/14/reference_pose = Transform3D(0.96126807, -0.07741084, -0.26452085, 0.0765442, 0.99697345, -0.013598396, 0.26477292, -0.007175832, 0.96428406, 0.030894563, 0.00024671134, 0.0046604094)
bones/14/handle_offset = Vector2(0.8070035, 0.38004363)
bones/14/group = &""
bones/14/require = false
bones/15/bone_name = &"pinky_01_l"
bones/15/bone_parent = &"hand_l"
bones/15/tail_direction = 0
bones/15/reference_pose = Transform3D(0.7706743, -0.6107889, 0.18165372, 0.46180087, 0.7317645, 0.5012591, -0.4390912, -0.30241963, 0.8460149, 0.0711428, 0.024543654, -0.03257977)
bones/15/handle_offset = Vector2(0.7918749, 0.35596907)
bones/15/group = &""
bones/15/require = false
bones/16/bone_name = &"pinky_02_l"
bones/16/bone_parent = &"pinky_01_l"
bones/16/tail_direction = 0
bones/16/reference_pose = Transform3D(0.97976285, -0.04620047, 0.19475701, 0.050775424, 0.9985376, -0.018561436, -0.19361466, 0.028074676, 0.9806759, 0.020859534, -0.0011848772, -0.0020716672)
bones/16/handle_offset = Vector2(0.7982986, 0.36457455)
bones/16/group = &""
bones/16/require = false
bones/17/bone_name = &"pinky_03_l"
bones/17/bone_parent = &"pinky_02_l"
bones/17/tail_direction = 0
bones/17/reference_pose = Transform3D(0.9975561, 0.06761496, 0.017607527, -0.067487046, 0.99768996, -0.007761102, -0.01809162, 0.006553855, 0.99981487, 0.020902157, -4.41806e-05, -0.006654833)
bones/17/handle_offset = Vector2(0.800745, 0.37552807)
bones/17/group = &""
bones/17/require = false
bones/18/bone_name = &"ring_01_l"
bones/18/bone_parent = &"hand_l"
bones/18/tail_direction = 0
bones/18/reference_pose = Transform3D(0.89850664, -0.3629756, 0.24684924, 0.19798021, 0.8370022, 0.51012856, -0.39177758, -0.40948266, 0.823914, 0.07992024, 0.012908301, -0.025664585)
bones/18/handle_offset = Vector2(0.7942883, 0.35470188)
bones/18/group = &""
bones/18/require = false
bones/19/bone_name = &"ring_02_l"
bones/19/bone_parent = &"ring_01_l"
bones/19/tail_direction = 0
bones/19/reference_pose = Transform3D(0.80904186, -0.109041795, 0.5775475, 0.10740137, 0.9935222, 0.0371281, -0.5778548, 0.031991206, 0.81551236, 0.026962828, 0.0018094544, -0.002531786)
bones/19/handle_offset = Vector2(0.80235195, 0.36608)
bones/19/group = &""
bones/19/require = false
bones/20/bone_name = &"ring_03_l"
bones/20/bone_parent = &"ring_02_l"
bones/20/tail_direction = 0
bones/20/reference_pose = Transform3D(0.9705605, -0.09743751, -0.2202687, 0.09499211, 0.99524164, -0.02169294, 0.22133428, 0.00013052393, 0.975198, 0.02559054, 0.0005598779, -7.713215e-05)
bones/20/handle_offset = Vector2(0.8034548, 0.37916774)
bones/20/group = &""
bones/20/require = false
bones/21/bone_name = &"thumb_01_l"
bones/21/bone_parent = &"hand_l"
bones/21/tail_direction = 0
bones/21/reference_pose = Transform3D(0.6975223, 0.70270354, -0.14025149, -0.6090235, 0.4782433, -0.63275087, -0.37756196, 0.5267743, 0.7615483, 0.031198276, -0.034392808, -0.012091188)
bones/21/handle_offset = Vector2(0.7661044, 0.337303)
bones/21/group = &""
bones/21/require = false
bones/22/bone_name = &"thumb_02_l"
bones/22/bone_parent = &"thumb_01_l"
bones/22/tail_direction = 0
bones/22/reference_pose = Transform3D(0.97188264, -0.07847401, 0.22200447, 0.06812257, 0.9962189, 0.053918466, -0.22539625, -0.037278906, 0.9735537, 0.0269627, -0.0019282717, 0.0019706062)
bones/22/handle_offset = Vector2(0.7670529, 0.34559208)
bones/22/group = &""
bones/22/require = false
bones/23/bone_name = &"thumb_03_l"
bones/23/bone_parent = &"thumb_02_l"
bones/23/tail_direction = 0
bones/23/reference_pose = Transform3D(0.974218, 0.06986772, -0.21451764, -0.07228691, 0.99737793, -0.003443447, 0.21371458, 0.018861484, 0.976714, 0.024042184, -0.0013677324, -0.007304178)
bones/23/handle_offset = Vector2(0.7692126, 0.35762554)
bones/23/group = &""
bones/23/require = false
bones/24/bone_name = &"lowerarm_twist_01_l"
bones/24/bone_parent = &"lowerarm_l"
bones/24/tail_direction = 0
bones/24/reference_pose = Transform3D(1, 0, 0, 0, 1, 0, 0, 0, 1, 0.14, 8.5265126e-16, -7.105427e-17)
bones/24/handle_offset = Vector2(0.73021257, 0.30469632)
bones/24/group = &""
bones/24/require = false
bones/25/bone_name = &"upperarm_twist_01_l"
bones/25/bone_parent = &"upperarm_l"
bones/25/tail_direction = 0
bones/25/reference_pose = Transform3D(1, 0, 0, 0, 1, 0, 0, 0, 1, 0.005, 5.684342e-16, 0)
bones/25/handle_offset = Vector2(0.57578653, 0.20305559)
bones/25/group = &""
bones/25/require = false
bones/26/bone_name = &"Shoulder_l"
bones/26/bone_parent = &"upperarm_l"
bones/26/tail_direction = 0
bones/26/reference_pose = Transform3D(1, 0, 0, 0, 1, 0, 0, 0, 1, -0.012931943, 0.08623764, 0.0049985447)
bones/26/handle_offset = Vector2(0.59110785, 0.1607303)
bones/26/group = &""
bones/26/require = false
bones/27/bone_name = &"neck_01"
bones/27/bone_parent = &"spine_03"
bones/27/tail_direction = 0
bones/27/reference_pose = Transform3D(0.7589688, -6.1570616e-33, -0.65112704, 4.9111214e-33, 1, -3.7314893e-33, 0.65112704, -3.656805e-34, 0.7589688, 0.16057338, -1.5268437e-08, 0.03358346)
bones/27/handle_offset = Vector2(0.50000006, 0.16030627)
bones/27/group = &""
bones/27/require = false
bones/28/bone_name = &"head"
bones/28/bone_parent = &"neck_01"
bones/28/tail_direction = 0
bones/28/reference_pose = Transform3D(0.964333, 4.0047196e-34, 0.26469207, 6.9814965e-34, 1, -4.0564903e-33, -0.26469207, 4.096602e-33, 0.964333, 0.09283613, -1.0707417e-08, -0.0036415793)
bones/28/handle_offset = Vector2(0.50000006, 0.11843756)
bones/28/group = &""
bones/28/require = false
bones/29/bone_name = &"ponytail_01"
bones/29/bone_parent = &"head"
bones/29/tail_direction = 0
bones/29/reference_pose = Transform3D(-0.8885734, -0.4587346, 0.0003052503, 0.00034356117, -1.1920929e-07, 1, -0.45873457, 0.8885734, 0.00015765429, 0.103504404, -0.00577154, -0.12252169)
bones/29/handle_offset = Vector2(0.502971, 0.050000012)
bones/29/group = &""
bones/29/require = false
bones/30/bone_name = &"ponytail_02"
bones/30/bone_parent = &"ponytail_01"
bones/30/tail_direction = 0
bones/30/reference_pose = Transform3D(0.8997354, -0.43637842, 0.007079639, 0.4363662, 0.8997632, 0.003266905, -0.0077956053, 0.00014996517, 0.9999696, 0.09471597, 1.4210854e-16, 1.2212453e-17)
bones/30/handle_offset = Vector2(0.50295424, 0.085597456)
bones/30/group = &""
bones/30/require = false
bones/31/bone_name = &"ponytail_03"
bones/31/bone_parent = &"ponytail_02"
bones/31/tail_direction = 0
bones/31/reference_pose = Transform3D(0.9948375, -0.08624565, -0.05347845, 0.08615608, 0.9962737, -0.0039823647, 0.053622633, -0.0006456878, 0.9985611, 0.12673233, 0, 1.11022296e-17)
bones/31/handle_offset = Vector2(0.50344265, 0.14790428)
bones/31/group = &""
bones/31/require = false
bones/32/bone_name = &"ponytail_04"
bones/32/bone_parent = &"ponytail_03"
bones/32/tail_direction = 0
bones/32/reference_pose = Transform3D(1, 0, 0, 0, 1, 0, 0, 0, 1, 0.085561186, -7.105427e-17, 7.105427e-17)
bones/32/handle_offset = Vector2(0.501409, 0.19089341)
bones/32/group = &""
bones/32/require = false
bones/33/bone_name = &"eye_l"
bones/33/bone_parent = &"head"
bones/33/tail_direction = 0
bones/33/reference_pose = Transform3D(1, 0, 0, 0, 1, 0, 0, 0, 1, 0.0662128, -0.028479708, 0.038273484)
bones/33/handle_offset = Vector2(0.5146602, 0.091005266)
bones/33/group = &""
bones/33/require = false
bones/34/bone_name = &"eye_r"
bones/34/bone_parent = &"head"
bones/34/tail_direction = 0
bones/34/reference_pose = Transform3D(1, 0, 0, 0, 1, 0, 0, 0, 1, 0.06621388, 0.028479688, 0.03827315)
bones/34/handle_offset = Vector2(0.48533994, 0.0910047)
bones/34/group = &""
bones/34/require = false
bones/35/bone_name = &"Mouth_1"
bones/35/bone_parent = &"head"
bones/35/tail_direction = 0
bones/35/reference_pose = Transform3D(1, 0, 0, 0, 1, 0, 0, 0, 1, 0.0054201507, 0.0016303218, 0.084766604)
bones/35/handle_offset = Vector2(0.49916083, 0.12763235)
bones/35/group = &""
bones/35/require = false
bones/36/bone_name = &"Mouth_2"
bones/36/bone_parent = &"head"
bones/36/tail_direction = 0
bones/36/reference_pose = Transform3D(1, 0, 0, 0, 1, 0, 0, 0, 1, 0.023389462, 0.00046744462, 0.08375535)
bones/36/handle_offset = Vector2(0.49975944, 0.118590176)
bones/36/group = &""
bones/36/require = false
bones/37/bone_name = &"language"
bones/37/bone_parent = &"head"
bones/37/tail_direction = 0
bones/37/reference_pose = Transform3D(0.94196826, 9.5864934e-35, 0.3357019, -4.8148254e-35, 1, -1.5046328e-34, -0.3357019, 1.2556817e-34, 0.94196826, 0.001076467, -0.0013187758, 0.04075067)
bones/37/handle_offset = Vector2(0.5006789, 0.123615265)
bones/37/group = &""
bones/37/require = false
bones/38/bone_name = &"language1"
bones/38/bone_parent = &"head"
bones/38/tail_direction = 0
bones/38/reference_pose = Transform3D(1, 0, 0, 0, 1, 0, 0, 0, 1, 0.001076467, -0.0013187758, 0.04075067)
bones/38/handle_offset = Vector2(0.5006789, 0.123615265)
bones/38/group = &""
bones/38/require = false
bones/39/bone_name = &"clavicle_r"
bones/39/bone_parent = &"spine_03"
bones/39/tail_direction = 0
bones/39/reference_pose = Transform3D(0.13472235, -0.98456925, 0.111683175, -0.9758511, -0.15139079, -0.15746468, 0.17194273, -0.08777217, -0.98118854, 0.09860472, 0.037819855, 0.02394256)
bones/39/handle_offset = Vector2(0.48053202, 0.19258675)
bones/39/group = &""
bones/39/require = false
bones/40/bone_name = &"upperarm_r"
bones/40/bone_parent = &"clavicle_r"
bones/40/tail_direction = 0
bones/40/reference_pose = Transform3D(0.8542849, 0.36235547, -0.3726873, -0.4257831, 0.8990756, -0.10184164, 0.2981712, 0.24568574, 0.9223516, -0.11131833, -0.0014888087, 0.022407057)
bones/40/handle_offset = Vector2(0.42631412, 0.20166191)
bones/40/group = &""
bones/40/require = false
bones/41/bone_name = &"lowerarm_r"
bones/41/bone_parent = &"upperarm_r"
bones/41/tail_direction = 0
bones/41/reference_pose = Transform3D(0.9717969, -0.12355957, -0.20085794, 0.14935677, 0.9816246, 0.11876713, 0.18249229, -0.14541702, 0.97239417, -0.23817399, 0.017830757, 0.0128449695)
bones/41/handle_offset = Vector2(0.3295568, 0.27587438)
bones/41/group = &""
bones/41/require = false
bones/42/bone_name = &"hand_r"
bones/42/bone_parent = &"lowerarm_r"
bones/42/tail_direction = 0
bones/42/reference_pose = Transform3D(0.9990225, 0.017285693, 0.04068569, -0.043616153, 0.23566145, 0.97085595, 0.007193871, -0.9716815, 0.23618501, -0.22389549, 0.007463034, -0.005274282)
bones/42/handle_offset = Vector2(0.23659837, 0.32480198)
bones/42/group = &""
bones/42/require = false
bones/43/bone_name = &"index_01_r"
bones/43/bone_parent = &"hand_r"
bones/43/tail_direction = 0
bones/43/reference_pose = Transform3D(0.92872787, 0.00287259, 0.37075105, -0.12499741, 0.9438535, 0.3058043, -0.3490562, -0.3303519, 0.87694204, -0.093099385, 0.01641016, 0.011793358)
bones/43/handle_offset = Vector2(0.20406318, 0.35114208)
bones/43/group = &""
bones/43/require = false
bones/44/bone_name = &"index_02_r"
bones/44/bone_parent = &"index_01_r"
bones/44/tail_direction = 0
bones/44/reference_pose = Transform3D(0.89821917, 0.007914071, 0.43947667, 0.0087136505, 0.9993208, -0.035805006, -0.43946153, 0.03599019, 0.8975401, -0.036324643, 0.00085353135, -0.0019404268)
bones/44/handle_offset = Vector2(0.1930108, 0.36382568)
bones/44/group = &""
bones/44/require = false
bones/45/bone_name = &"index_03_r"
bones/45/bone_parent = &"index_02_r"
bones/45/tail_direction = 0
bones/45/reference_pose = Transform3D(0.98614675, 0.013887998, -0.1652927, -0.017404974, 0.9996515, -0.019847827, 0.16495945, 0.022449786, 0.9860448, -0.02580541, -0.00025481556, -0.00094107655)
bones/45/handle_offset = Vector2(0.1903995, 0.3759997)
bones/45/group = &""
bones/45/require = false
bones/46/bone_name = &"middle_01_r"
bones/46/bone_parent = &"hand_r"
bones/46/tail_direction = 0
bones/46/reference_pose = Transform3D(0.9154793, -0.2747946, 0.29391432, 0.1044189, 0.8676945, 0.48600712, -0.38857996, -0.41423926, 0.82305014, -0.08902959, 0.0018805837, 0.017844722)
bones/46/handle_offset = Vector2(0.20369098, 0.35307756)
bones/46/group = &""
bones/46/require = false
bones/47/bone_name = &"middle_02_r"
bones/47/bone_parent = &"middle_01_r"
bones/47/tail_direction = 0
bones/47/reference_pose = Transform3D(0.7680706, 0.027273549, 0.6397841, -0.02378338, 0.99961823, -0.014060713, -0.63992333, -0.0044166087, 0.76842606, -0.028179461, -0.0018580053, 0.0016626407)
bones/47/handle_offset = Vector2(0.19520733, 0.36472648)
bones/47/group = &""
bones/47/require = false
bones/48/bone_name = &"middle_03_r"
bones/48/bone_parent = &"middle_02_r"
bones/48/tail_direction = 0
bones/48/reference_pose = Transform3D(0.96126807, -0.07741085, -0.26452085, 0.0765439, 0.99697345, -0.013599498, 0.26477304, -0.007174695, 0.96428406, -0.030899331, -0.00024820605, -0.00466046)
bones/48/handle_offset = Vector2(0.19299644, 0.38004565)
bones/48/group = &""
bones/48/require = false
bones/49/bone_name = &"pinky_01_r"
bones/49/bone_parent = &"hand_r"
bones/49/tail_direction = 0
bones/49/reference_pose = Transform3D(0.7706743, -0.61078894, 0.18165374, 0.46180108, 0.7317647, 0.50125873, -0.43909103, -0.3024193, 0.84601516, -0.071145885, -0.024543628, 0.032586206)
bones/49/handle_offset = Vector2(0.20812514, 0.3559705)
bones/49/group = &""
bones/49/require = false
bones/50/bone_name = &"pinky_02_r"
bones/50/bone_parent = &"pinky_01_r"
bones/50/tail_direction = 0
bones/50/reference_pose = Transform3D(0.97976285, -0.04620046, 0.19475701, 0.050775588, 0.9985376, -0.018562287, -0.1936146, 0.028075539, 0.9806759, -0.02085388, 0.0011848242, 0.0020666786)
bones/50/handle_offset = Vector2(0.20170146, 0.3645721)
bones/50/group = &""
bones/50/require = false
bones/51/bone_name = &"pinky_03_r"
bones/51/bone_parent = &"pinky_02_r"
bones/51/tail_direction = 0
bones/51/reference_pose = Transform3D(0.9975561, 0.06761496, 0.017607527, -0.06748702, 0.99768996, -0.0077627036, -0.018091729, 0.0065554525, 0.99981487, -0.02090324, 4.4434582e-05, 0.0066550383)
bones/51/handle_offset = Vector2(0.19925484, 0.37552616)
bones/51/group = &""
bones/51/require = false
bones/52/bone_name = &"ring_01_r"
bones/52/bone_parent = &"hand_r"
bones/52/tail_direction = 0
bones/52/reference_pose = Transform3D(0.89850664, -0.3629756, 0.24684925, 0.19798036, 0.8370024, 0.5101282, -0.39177752, -0.4094823, 0.82391423, -0.07992369, -0.012908165, 0.025672829)
bones/52/handle_offset = Vector2(0.20571196, 0.3547042)
bones/52/group = &""
bones/52/require = false
bones/53/bone_name = &"ring_02_r"
bones/53/bone_parent = &"ring_01_r"
bones/53/tail_direction = 0
bones/53/reference_pose = Transform3D(0.80904186, -0.10904182, 0.57754755, 0.107401885, 0.9935222, 0.03712741, -0.57785475, 0.03199206, 0.81551236, -0.026959939, -0.0018086187, 0.0025293897)
bones/53/handle_offset = Vector2(0.19764826, 0.36608028)
bones/53/group = &""
bones/53/require = false
bones/54/bone_name = &"ring_03_r"
bones/54/bone_parent = &"ring_02_r"
bones/54/tail_direction = 0
bones/54/reference_pose = Transform3D(0.9705605, -0.0974375, -0.22026871, 0.09499182, 0.99524164, -0.02169419, 0.22133441, 0.00013180077, 0.975198, -0.025585506, -0.00055918185, 7.632133e-05)
bones/54/handle_offset = Vector2(0.19654512, 0.3791654)
bones/54/group = &""
bones/54/require = false
bones/55/bone_name = &"thumb_01_r"
bones/55/bone_parent = &"hand_r"
bones/55/tail_direction = 0
bones/55/reference_pose = Transform3D(0.6975222, 0.70270354, -0.14025149, -0.6090234, 0.478243, -0.6327512, -0.37756225, 0.5267745, 0.761548, -0.031202419, 0.03439263, 0.012099248)
bones/55/handle_offset = Vector2(0.23389542, 0.33730543)
bones/55/group = &""
bones/55/require = false
bones/56/bone_name = &"thumb_02_r"
bones/56/bone_parent = &"thumb_01_r"
bones/56/tail_direction = 0
bones/56/reference_pose = Transform3D(0.97188264, -0.07847401, 0.22200447, 0.06812277, 0.9962189, 0.05391764, -0.22539619, -0.037278056, 0.9735538, -0.026960727, 0.0019283684, -0.0019728765)
bones/56/handle_offset = Vector2(0.23294723, 0.34559304)
bones/56/group = &""
bones/56/require = false
bones/57/bone_name = &"thumb_03_r"
bones/57/bone_parent = &"thumb_02_r"
bones/57/tail_direction = 0
bones/57/reference_pose = Transform3D(0.974218, 0.06986773, -0.21451764, -0.07228725, 0.99737793, -0.0034449869, 0.21371447, 0.018863058, 0.976714, -0.024044413, 0.0013679826, 0.007306261)
bones/57/handle_offset = Vector2(0.23078728, 0.35762805)
bones/57/group = &""
bones/57/require = false
bones/58/bone_name = &"lowerarm_twist_01_r"
bones/58/bone_parent = &"lowerarm_r"
bones/58/tail_direction = 0
bones/58/reference_pose = Transform3D(1, 0, 0, 0, 1, 0, 0, 0, 1, -0.14000091, 1.6806907e-06, 5.28416e-07)
bones/58/handle_offset = Vector2(0.26978734, 0.3046956)
bones/58/group = &""
bones/58/require = false
bones/59/bone_name = &"upperarm_twist_01_r"
bones/59/bone_parent = &"upperarm_r"
bones/59/tail_direction = 0
bones/59/reference_pose = Transform3D(1, 0, 0, 0, 1, 0, 0, 0, 1, -0.0050001866, -2.1803623e-07, -3.9939613e-10)
bones/59/handle_offset = Vector2(0.4242134, 0.20305687)
bones/59/group = &""
bones/59/require = false
bones/60/bone_name = &"Shoulder_R"
bones/60/bone_parent = &"upperarm_r"
bones/60/tail_direction = 0
bones/60/reference_pose = Transform3D(1, 0, 0, 0, 1, 0, 0, 0, 1, 0.0042858063, -0.08524504, -0.002145731)
bones/60/handle_offset = Vector2(0.40518638, 0.16358384)
bones/60/group = &""
bones/60/require = false
bones/61/bone_name = &"breast_l1"
bones/61/bone_parent = &"spine_02"
bones/61/tail_direction = 0
bones/61/reference_pose = Transform3D(1, 0, 0, 0, 1, 0, 0, 0, 1, 0.12866573, -0.073259376, 0.12813269)
bones/61/handle_offset = Vector2(0.5377108, 0.23949724)
bones/61/group = &""
bones/61/require = false
bones/62/bone_name = &"breast_r1"
bones/62/bone_parent = &"spine_02"
bones/62/tail_direction = 0
bones/62/reference_pose = Transform3D(-1, -2.3893148e-07, -1.3460427e-14, -2.3893148e-07, 1, 2.9802322e-08, 6.339714e-15, 2.9802322e-08, -1, 0.1286671, 0.07325945, 0.12813282)
bones/62/handle_offset = Vector2(0.46228924, 0.2394965)
bones/62/group = &""
bones/62/require = false
bones/63/bone_name = &"thigh_l"
bones/63/bone_parent = &"pelvis"
bones/63/tail_direction = 0
bones/63/reference_pose = Transform3D(0.9940305, -0.108813524, -0.007942276, 0.10645519, 0.98327345, -0.14778565, 0.023890505, 0.14605795, 0.9889875, -0.014488277, -0.090058096, 0.0053142337)
bones/63/handle_offset = Vector2(0.54635805, 0.4413499)
bones/63/group = &""
bones/63/require = false
bones/64/bone_name = &"calf_l"
bones/64/bone_parent = &"thigh_l"
bones/64/tail_direction = 0
bones/64/reference_pose = Transform3D(0.9978903, 0.04889234, -0.042714216, -0.044809036, 0.994767, 0.09181918, 0.04697995, -0.08971149, 0.99485916, -0.39262855, 0.001731645, -0.0011781281)
bones/64/handle_offset = Vector2(0.5669074, 0.64232314)
bones/64/group = &""
bones/64/require = false
bones/65/bone_name = &"calf_twist_01_l"
bones/65/bone_parent = &"calf_l"
bones/65/tail_direction = 0
bones/65/reference_pose = Transform3D(0.9998766, -0.003909401, -0.015213989, 0.0038238668, 0.99997675, -0.0056471284, 0.015235711, 0.005588256, 0.99986833, -0.20476776, 0, -8.8817837e-17)
bones/65/handle_offset = Vector2(0.57272875, 0.7473278)
bones/65/group = &""
bones/65/require = false
bones/66/bone_name = &"foot_l"
bones/66/bone_parent = &"calf_l"
bones/66/tail_direction = 0
bones/66/reference_pose = Transform3D(0.99953145, 7.351823e-05, 0.030609109, -0.00029574748, 0.99997365, 0.007255768, -0.030607767, -0.007261421, 0.9995051, -0.38984317, -0.0018244351, -0.0019475961)
bones/66/handle_offset = Vector2(0.57886475, 0.84211457)
bones/66/group = &""
bones/66/require = false
bones/67/bone_name = &"ball_l"
bones/67/bone_parent = &"foot_l"
bones/67/tail_direction = 0
bones/67/reference_pose = Transform3D(-0.0132972, 0.0008088163, -0.99991125, 2.5075104e-05, 0.9999997, 0.00080855435, 0.9999116, -1.4321384e-05, -0.0132972, -0.17649856, -0.0034099978, 0.08537882)
bones/67/handle_offset = Vector2(0.5880741, 0.9341469)
bones/67/group = &""
bones/67/require = false
bones/68/bone_name = &"thigh_twist_01_l"
bones/68/bone_parent = &"thigh_l"
bones/68/tail_direction = 0
bones/68/reference_pose = Transform3D(0.9999995, 8.950436e-05, -0.0009790735, 3.695488e-06, 0.9954982, 0.09478035, 0.0009831492, -0.0947803, 0.9954977, -0.22094238, -7.105427e-17, 1.9984014e-17)
bones/68/handle_offset = Vector2(0.55846536, 0.55439186)
bones/68/group = &""
bones/68/require = false
bones/69/bone_name = &"thigh_r"
bones/69/bone_parent = &"pelvis"
bones/69/tail_direction = 0
bones/69/reference_pose = Transform3D(-0.9940306, 0.10881241, 0.007935076, 0.10645513, 0.9832735, -0.14778534, -0.023883227, -0.14605841, -0.98898757, -0.014488812, 0.090058096, 0.0053142314)
bones/69/handle_offset = Vector2(0.453642, 0.44135016)
bones/69/group = &""
bones/69/require = false
bones/70/bone_name = &"calf_r"
bones/70/bone_parent = &"thigh_r"
bones/70/tail_direction = 0
bones/70/reference_pose = Transform3D(0.99789, 0.048892614, -0.04272013, -0.044808727, 0.99476695, 0.0918202, 0.046985902, -0.089712225, 0.9948588, 0.39262778, -0.0017318913, 0.0011745574)
bones/70/handle_offset = Vector2(0.43309253, 0.642323)
bones/70/group = &""
bones/70/require = false
bones/71/bone_name = &"calf_twist_01_r"
bones/71/bone_parent = &"calf_r"
bones/71/tail_direction = 0
bones/71/reference_pose = Transform3D(0.9998766, -0.0039094016, -0.015213988, 0.0038238664, 0.99997675, -0.0056471676, 0.015235712, 0.005588295, 0.99986833, 0.20476753, -8.571832e-07, 8.481168e-08)
bones/71/handle_offset = Vector2(0.4272717, 0.7473276)
bones/71/group = &""
bones/71/require = false
bones/72/bone_name = &"foot_r"
bones/72/bone_parent = &"calf_r"
bones/72/tail_direction = 0
bones/72/reference_pose = Transform3D(0.9976504, 0.029969499, 0.061607644, -0.03093367, 0.99941254, 0.014756266, -0.061129212, -0.016627345, 0.9979914, 0.3898431, 0.0018244105, 0.0019476765)
bones/72/handle_offset = Vector2(0.4211353, 0.84211445)
bones/72/group = &""
bones/72/require = false
bones/73/bone_name = &"ball_r"
bones/73/bone_parent = &"foot_r"
bones/73/tail_direction = 0
bones/73/reference_pose = Transform3D(-0.032868862, -7.393476e-05, -0.9994597, -0.0001563483, 1, -6.883296e-05, 0.9994597, 0.00015400136, -0.032868862, 0.17879076, 0.004331263, -0.080365404)
bones/73/handle_offset = Vector2(0.41454905, 0.9341874)
bones/73/group = &""
bones/73/require = false
bones/74/bone_name = &"thigh_twist_01_r"
bones/74/bone_parent = &"thigh_r"
bones/74/tail_direction = 0
bones/74/reference_pose = Transform3D(0.9999995, 8.950436e-05, -0.0009790735, 3.6954661e-06, 0.99549824, 0.094780326, 0.0009831492, -0.09478028, 0.9954977, 0.22094163, 4.5905395e-07, -1.0039134e-07)
bones/74/handle_offset = Vector2(0.4415345, 0.5543918)
bones/74/group = &""
bones/74/require = false
bones/75/bone_name = &"ik_foot_root"
bones/75/bone_parent = &"root"
bones/75/tail_direction = 0
bones/75/reference_pose = Transform3D(1, 0, 0, 0, 1, 0, 0, 0, 1, 0, 0, 0)
bones/75/handle_offset = Vector2(0.50000006, 0.95)
bones/75/group = &""
bones/75/require = false
bones/76/bone_name = &"ik_foot_l"
bones/76/bone_parent = &"ik_foot_root"
bones/76/tail_direction = 0
bones/76/reference_pose = Transform3D(-0.014827609, -0.99884546, 0.04569389, 0.9998082, -0.015395641, -0.012106113, 0.012795625, 0.045505617, 0.9988821, 0.15320772, 0.2095853, -0.045339074)
bones/76/handle_offset = Vector2(0.57886475, 0.8421145)
bones/76/group = &""
bones/76/require = false
bones/77/bone_name = &"ik_foot_r"
bones/77/bone_parent = &"ik_foot_root"
bones/77/tail_direction = 0
bones/77/reference_pose = Transform3D(-0.014827609, -0.99884534, 0.04569595, -0.9998082, 0.01539582, 0.01210608, -0.012795627, -0.04550768, -0.99888206, -0.15320776, 0.20958541, -0.045332182)
bones/77/handle_offset = Vector2(0.4211353, 0.84211445)
bones/77/group = &""
bones/77/require = false
bones/78/bone_name = &"ik_hand_root"
bones/78/bone_parent = &"root"
bones/78/tail_direction = 0
bones/78/reference_pose = Transform3D(1, 0, 0, 0, 1, 0, 0, 0, 1, 0, 0, 0)
bones/78/handle_offset = Vector2(0.50000006, 0.95)
bones/78/group = &""
bones/78/require = false
bones/79/bone_name = &"ik_hand_gun"
bones/79/bone_parent = &"ik_hand_root"
bones/79/tail_direction = 0
bones/79/reference_pose = Transform3D(0.68747425, 0.38722515, 0.6143581, 0.5760417, 0.22437865, -0.78602177, -0.44221622, 0.8942656, -0.06880331, -0.51170117, 1.2145503, 0.059396096)
bones/79/handle_offset = Vector2(0.23659837, 0.32480198)
bones/79/group = &""
bones/79/require = false
bones/80/bone_name = &"ik_hand_l"
bones/80/bone_parent = &"ik_hand_gun"
bones/80/tail_direction = 0
bones/80/reference_pose = Transform3D(-0.05475855, 0.5324154, 0.84471023, 0.5324147, -0.7001128, 0.4757905, 0.8447107, 0.47578967, -0.24512863, 0.70356, 0.39628592, 0.62873876)
bones/80/handle_offset = Vector2(0.7634015, 0.3248042)
bones/80/group = &""
bones/80/require = false
bones/81/bone_name = &"ik_hand_r"
bones/81/bone_parent = &"ik_hand_gun"
bones/81/tail_direction = 0
bones/81/reference_pose = Transform3D(1, 0, 0, 0, 1, 0, 0, 0, 1, 0, 0, 0)
bones/81/handle_offset = Vector2(0.23659837, 0.32480198)
bones/81/group = &""
bones/81/require = false
